{
  "viz_type": "correlation",
  "dataset_id": "209d1325-678d-4dca-8388-a1b468c5e749",
  "columns": [
    "0.5",
    "0.4",
    "500473.9375",
    "621800.9375",
    "164",
    "0.7",
    "132",
    "0.8",
    "1421927414.1",
    "1421927414",
    "0.9",
    "0.017",
    "0.013",
    "82",
    "66",
    "2.1",
    "0.3",
    "0.2",
    "2",
    "0.1",
    "31",
    "29",
    "0.001055",
    "0",
    "3",
    "7",
    "3.1",
    "1",
    "1.3",
    "1.1"
  ],
  "matrix": [
    [
      1.0,
      0.5855,
      -0.1004,
      0.2441,
      0.1132,
      0.0428,
      0.0464,
      0.0441,
      0.0395,
      0.0396,
      0.0739,
      -0.0795,
      -0.052,
      0.3443,
      0.0969,
      0.1686,
      0.6833,
      0.6825,
      0.216,
      0.1451,
      -0.0855,
      0.0959,
      0.0009,
      0.15,
      0.0606,
      0.044,
      0.0484,
      0.0394,
      0.0161,
      0.0014
    ],
    [
      0.5855,
      1.0,
      -0.0992,
      0.2423,
      0.1128,
      0.0416,
      0.0465,
      0.0513,
      0.0368,
      0.0368,
      0.0807,
      -0.0791,
      -0.0512,
      0.3438,
      0.0971,
      0.1676,
      0.6828,
      0.6828,
      0.2144,
      0.1443,
      -0.0841,
      0.0988,
      0.0009,
      0.1484,
      0.0596,
      0.0439,
      0.0482,
      0.039,
      0.0147,
      0.0026
    ],
    [
      -0.1004,
      -0.0992,
      1.0,
      -0.0616,
      -0.029,
      -0.0114,
      -0.0071,
      -0.0128,
      -0.1139,
      -0.1139,
      -0.0214,
      -0.0085,
      -0.0072,
      -0.1033,
      0.0941,
      -0.0421,
      -0.147,
      -0.1433,
      -0.0503,
      -0.0357,
      0.3266,
      -0.1044,
      -0.0038,
      -0.0306,
      0.0647,
      0.0693,
      -0.0088,
      -0.0081,
      0.0693,
      0.1016
    ],
    [
      0.2441,
      0.2423,
      -0.0616,
      1.0,
      0.0399,
      -0.0014,
      -0.0198,
      -0.0706,
      0.0519,
      0.052,
      -0.112,
      -0.0547,
      -0.0413,
      0.5071,
      -0.2295,
      0.0591,
      0.3557,
      0.3546,
      0.1128,
      0.057,
      -0.1254,
      -0.064,
      -0.019,
      0.0232,
      0.1642,
      0.1131,
      -0.0011,
      -0.0627,
      -0.1146,
      -0.1222
    ],
    [
      0.1132,
      0.1128,
      -0.029,
      0.0399,
      1.0,
      0.5065,
      0.0665,
      0.0418,
      0.0248,
      0.0246,
      0.1073,
      -0.0198,
      -0.0146,
      0.6217,
      -0.1087,
      0.9713,
      0.1671,
      0.1667,
      0.8042,
      0.9913,
      -0.0469,
      -0.0131,
      0.0626,
      0.1491,
      0.1368,
      0.1515,
      0.0966,
      0.1242,
      0.1546,
      0.2331
    ],
    [
      0.0428,
      0.0416,
      -0.0114,
      -0.0014,
      0.5065,
      1.0,
      0.0269,
      0.0023,
      0.0167,
      0.0167,
      0.0103,
      -0.0073,
      -0.0054,
      0.301,
      -0.0432,
      0.45,
      0.0636,
      0.0634,
      0.3443,
      0.4856,
      -0.018,
      -0.0068,
      0.0245,
      -0.0223,
      -0.0637,
      -0.0636,
      -0.0131,
      -0.0015,
      -0.0093,
      0.0169
    ],
    [
      0.0464,
      0.0465,
      -0.0071,
      -0.0198,
      0.0665,
      0.0269,
      1.0,
      0.0015,
      -0.0042,
      -0.0043,
      0.0011,
      -0.0085,
      -0.0056,
      0.0137,
      0.207,
      0.1192,
      0.068,
      0.0678,
      0.4908,
      0.0732,
      0.0076,
      0.0598,
      0.0158,
      0.911,
      -0.0149,
      -0.0144,
      0.0027,
      0.0045,
      0.0052,
      0.0134
    ],
    [
      0.0441,
      0.0513,
      -0.0128,
      -0.0706,
      0.0418,
      0.0023,
      0.0015,
      1.0,
      -0.0313,
      -0.0314,
      0.473,
      0.0424,
      0.1288,
      0.0397,
      -0.0021,
      0.0394,
      0.0694,
      0.0692,
      0.0275,
      0.0395,
      0.0944,
      0.1517,
      0.0201,
      0.0079,
      -0.0103,
      -0.0121,
      0.006,
      0.016,
      0.0248,
      0.0535
    ],
    [
      0.0395,
      0.0368,
      -0.1139,
      0.0519,
      0.0248,
      0.0167,
      -0.0042,
      -0.0313,
      1.0,
      1.0,
      0.0054,
      -0.004,
      -0.0041,
      0.0642,
      -0.0093,
      0.0342,
      0.0531,
      0.052,
      0.0353,
      0.0296,
      -0.2465,
      -0.1423,
      0.0037,
      0.0139,
      0.0373,
      0.0376,
      0.1171,
      0.1179,
      0.0685,
      0.0454
    ],
    [
      0.0396,
      0.0368,
      -0.1139,
      0.052,
      0.0246,
      0.0167,
      -0.0043,
      -0.0314,
      1.0,
      1.0,
      0.0053,
      -0.0042,
      -0.0044,
      0.0642,
      -0.0092,
      0.034,
      0.0532,
      0.052,
      0.0351,
      0.0294,
      -0.2465,
      -0.1423,
      0.0004,
      0.0138,
      0.0373,
      0.0376,
      0.1171,
      0.1179,
      0.0684,
      0.0452
    ],
    [
      0.0739,
      0.0807,
      -0.0214,
      -0.112,
      0.1073,
      0.0103,
      0.0011,
      0.473,
      0.0054,
      0.0053,
      1.0,
      0.0227,
      0.0587,
      0.1609,
      -0.0246,
      0.1045,
      0.1103,
      0.11,
      0.0776,
      0.1039,
      -0.0223,
      0.0109,
      0.0245,
      0.0199,
      -0.0231,
      -0.0219,
      0.0197,
      0.0382,
      0.0368,
      0.0868
    ],
    [
      -0.0795,
      -0.0791,
      -0.0085,
      -0.0547,
      -0.0198,
      -0.0073,
      -0.0085,
      0.0424,
      -0.004,
      -0.0042,
      0.0227,
      1.0,
      0.5042,
      -0.0723,
      -0.0387,
      -0.0301,
      -0.1159,
      -0.1162,
      -0.0383,
      -0.0253,
      -0.0648,
      -0.0728,
      0.0424,
      -0.0261,
      -0.0654,
      -0.0632,
      -0.0485,
      -0.0394,
      -0.0059,
      0.0148
    ],
    [
      -0.052,
      -0.0512,
      -0.0072,
      -0.0413,
      -0.0146,
      -0.0054,
      -0.0056,
      0.1288,
      -0.0041,
      -0.0044,
      0.0587,
      0.5042,
      1.0,
      -0.0472,
      -0.029,
      -0.0212,
      -0.0754,
      -0.0756,
      -0.0271,
      -0.0185,
      -0.0361,
      -0.0325,
      0.0569,
      -0.0178,
      -0.0453,
      -0.047,
      -0.0334,
      -0.0299,
      -0.0034,
      0.0124
    ],
    [
      0.3443,
      0.3438,
      -0.1033,
      0.5071,
      0.6217,
      0.301,
      0.0137,
      0.0397,
      0.0642,
      0.0642,
      0.1609,
      -0.0723,
      -0.0472,
      1.0,
      -0.2814,
      0.6088,
      0.5043,
      0.5026,
      0.5492,
      0.6218,
      -0.1687,
      -0.0365,
      0.0255,
      0.0798,
      0.1637,
      0.1328,
      0.0537,
      0.0391,
      -0.0056,
      0.0607
    ],
    [
      0.0969,
      0.0971,
      0.0941,
      -0.2295,
      -0.1087,
      -0.0432,
      0.207,
      -0.0021,
      -0.0093,
      -0.0092,
      -0.0246,
      -0.0387,
      -0.029,
      -0.2814,
      1.0,
      -0.0942,
      0.1416,
      0.1423,
      -0.0291,
      -0.1108,
      0.0222,
      0.0606,
      -0.0072,
      0.1494,
      -0.1164,
      -0.1064,
      0.0081,
      0.0218,
      0.0375,
      -0.0366
    ],
    [
      0.1686,
      0.1676,
      -0.0421,
      0.0591,
      0.9713,
      0.45,
      0.1192,
      0.0394,
      0.0342,
      0.034,
      0.1045,
      -0.0301,
      -0.0212,
      0.6088,
      -0.0942,
      1.0,
      0.2465,
      0.2458,
      0.8924,
      0.9929,
      -0.0677,
      -0.0157,
      0.0639,
      0.2837,
      0.1465,
      0.1608,
      0.1037,
      0.1307,
      0.1541,
      0.2317
    ],
    [
      0.6833,
      0.6828,
      -0.147,
      0.3557,
      0.1671,
      0.0636,
      0.068,
      0.0694,
      0.0531,
      0.0532,
      0.1103,
      -0.1159,
      -0.0754,
      0.5043,
      0.1416,
      0.2465,
      1.0,
      0.9975,
      0.3145,
      0.2128,
      -0.1237,
      0.1421,
      0.0016,
      0.2167,
      0.0881,
      0.0658,
      0.0713,
      0.0591,
      0.0234,
      0.006
    ],
    [
      0.6825,
      0.6828,
      -0.1433,
      0.3546,
      0.1667,
      0.0634,
      0.0678,
      0.0692,
      0.052,
      0.052,
      0.11,
      -0.1162,
      -0.0756,
      0.5026,
      0.1423,
      0.2458,
      0.9975,
      1.0,
      0.3138,
      0.2122,
      -0.1173,
      0.1405,
      0.0015,
      0.2163,
      0.0891,
      0.0663,
      0.0707,
      0.0584,
      0.0239,
      0.0053
    ],
    [
      0.216,
      0.2144,
      -0.0503,
      0.1128,
      0.8042,
      0.3443,
      0.4908,
      0.0275,
      0.0353,
      0.0351,
      0.0776,
      -0.0383,
      -0.0271,
      0.5492,
      -0.0291,
      0.8924,
      0.3145,
      0.3138,
      1.0,
      0.8487,
      -0.0718,
      -0.0007,
      0.0614,
      0.6662,
      0.1405,
      0.148,
      0.093,
      0.1116,
      0.1216,
      0.1905
    ],
    [
      0.1451,
      0.1443,
      -0.0357,
      0.057,
      0.9913,
      0.4856,
      0.0732,
      0.0395,
      0.0296,
      0.0294,
      0.1039,
      -0.0253,
      -0.0185,
      0.6218,
      -0.1108,
      0.9929,
      0.2128,
      0.2122,
      0.8487,
      1.0,
      -0.0581,
      -0.0148,
      0.0633,
      0.2033,
      0.1436,
      0.1575,
      0.1017,
      0.1287,
      0.1556,
      0.2334
    ],
    [
      -0.0855,
      -0.0841,
      0.3266,
      -0.1254,
      -0.0469,
      -0.018,
      0.0076,
      0.0944,
      -0.2465,
      -0.2465,
      -0.0223,
      -0.0648,
      -0.0361,
      -0.1687,
      0.0222,
      -0.0677,
      -0.1237,
      -0.1173,
      -0.0718,
      -0.0581,
      1.0,
      0.4018,
      -0.0051,
      -0.0286,
      0.0747,
      0.0669,
      -0.0405,
      -0.051,
      0.071,
      0.1256
    ],
    [
      0.0959,
      0.0988,
      -0.1044,
      -0.064,
      -0.0131,
      -0.0068,
      0.0598,
      0.1517,
      -0.1423,
      -0.1423,
      0.0109,
      -0.0728,
      -0.0325,
      -0.0365,
      0.0606,
      -0.0157,
      0.1421,
      0.1405,
      -0.0007,
      -0.0148,
      0.4018,
      1.0,
      -0.0024,
      0.0497,
      -0.077,
      -0.0974,
      -0.082,
      -0.0893,
      -0.0709,
      -0.059
    ],
    [
      0.0009,
      0.0009,
      -0.0038,
      -0.019,
      0.0626,
      0.0245,
      0.0158,
      0.0201,
      0.0037,
      0.0004,
      0.0245,
      0.0424,
      0.0569,
      0.0255,
      -0.0072,
      0.0639,
      0.0016,
      0.0015,
      0.0614,
      0.0633,
      -0.0051,
      -0.0024,
      1.0,
      0.0241,
      0.0042,
      0.0072,
      0.0105,
      0.0167,
      0.0257,
      0.0372
    ],
    [
      0.15,
      0.1484,
      -0.0306,
      0.0232,
      0.1491,
      -0.0223,
      0.911,
      0.0079,
      0.0139,
      0.0138,
      0.0199,
      -0.0261,
      -0.0178,
      0.0798,
      0.1494,
      0.2837,
      0.2167,
      0.2163,
      0.6662,
      0.2033,
      -0.0286,
      0.0497,
      0.0241,
      1.0,
      0.0346,
      0.038,
      0.0269,
      0.0327,
      0.0266,
      0.0446
    ],
    [
      0.0606,
      0.0596,
      0.0647,
      0.1642,
      0.1368,
      -0.0637,
      -0.0149,
      -0.0103,
      0.0373,
      0.0373,
      -0.0231,
      -0.0654,
      -0.0453,
      0.1637,
      -0.1164,
      0.1465,
      0.0881,
      0.0891,
      0.1405,
      0.1436,
      0.0747,
      -0.077,
      0.0042,
      0.0346,
      1.0,
      0.6286,
      0.5218,
      0.3319,
      0.4282,
      0.4248
    ],
    [
      0.044,
      0.0439,
      0.0693,
      0.1131,
      0.1515,
      -0.0636,
      -0.0144,
      -0.0121,
      0.0376,
      0.0376,
      -0.0219,
      -0.0632,
      -0.047,
      0.1328,
      -0.1064,
      0.1608,
      0.0658,
      0.0663,
      0.148,
      0.1575,
      0.0669,
      -0.0974,
      0.0072,
      0.038,
      0.6286,
      1.0,
      0.3287,
      0.5163,
      0.4523,
      0.4098
    ],
    [
      0.0484,
      0.0482,
      -0.0088,
      -0.0011,
      0.0966,
      -0.0131,
      0.0027,
      0.006,
      0.1171,
      0.1171,
      0.0197,
      -0.0485,
      -0.0334,
      0.0537,
      0.0081,
      0.1037,
      0.0713,
      0.0707,
      0.093,
      0.1017,
      -0.0405,
      -0.082,
      0.0105,
      0.0269,
      0.5218,
      0.3287,
      1.0,
      0.6107,
      0.7146,
      0.6245
    ],
    [
      0.0394,
      0.039,
      -0.0081,
      -0.0627,
      0.1242,
      -0.0015,
      0.0045,
      0.016,
      0.1179,
      0.1179,
      0.0382,
      -0.0394,
      -0.0299,
      0.0391,
      0.0218,
      0.1307,
      0.0591,
      0.0584,
      0.1116,
      0.1287,
      -0.051,
      -0.0893,
      0.0167,
      0.0327,
      0.3319,
      0.5163,
      0.6107,
      1.0,
      0.7522,
      0.6003
    ],
    [
      0.0161,
      0.0147,
      0.0693,
      -0.1146,
      0.1546,
      -0.0093,
      0.0052,
      0.0248,
      0.0685,
      0.0684,
      0.0368,
      -0.0059,
      -0.0034,
      -0.0056,
      0.0375,
      0.1541,
      0.0234,
      0.0239,
      0.1216,
      0.1556,
      0.071,
      -0.0709,
      0.0257,
      0.0266,
      0.4282,
      0.4523,
      0.7146,
      0.7522,
      1.0,
      0.7493
    ],
    [
      0.0014,
      0.0026,
      0.1016,
      -0.1222,
      0.2331,
      0.0169,
      0.0134,
      0.0535,
      0.0454,
      0.0452,
      0.0868,
      0.0148,
      0.0124,
      0.0607,
      -0.0366,
      0.2317,
      0.006,
      0.0053,
      0.1905,
      0.2334,
      0.1256,
      -0.059,
      0.0372,
      0.0446,
      0.4248,
      0.4098,
      0.6245,
      0.6003,
      0.7493,
      1.0
    ]
  ],
  "high_correlation_pairs": [
    {
      "col_a": "1421927414.1",
      "col_b": "1421927414",
      "r": 1.0,
      "strength": "very_high"
    },
    {
      "col_a": "0.3",
      "col_b": "0.2",
      "r": 0.9975,
      "strength": "very_high"
    },
    {
      "col_a": "2.1",
      "col_b": "0.1",
      "r": 0.9929,
      "strength": "very_high"
    },
    {
      "col_a": "164",
      "col_b": "0.1",
      "r": 0.9913,
      "strength": "very_high"
    },
    {
      "col_a": "164",
      "col_b": "2.1",
      "r": 0.9713,
      "strength": "very_high"
    },
    {
      "col_a": "132",
      "col_b": "0",
      "r": 0.911,
      "strength": "high"
    },
    {
      "col_a": "2.1",
      "col_b": "2",
      "r": 0.8924,
      "strength": "high"
    },
    {
      "col_a": "2",
      "col_b": "0.1",
      "r": 0.8487,
      "strength": "high"
    },
    {
      "col_a": "164",
      "col_b": "2",
      "r": 0.8042,
      "strength": "high"
    }
  ],
  "truncated": true,
  "max_cols_shown": 30
}