{
  "viz_type": "correlation",
  "dataset_id": "d0253792-8294-4a17-bb54-1e9c0ff5e0d4",
  "columns": [
    "src_bytes",
    "dst_bytes",
    "duration",
    "count",
    "dst_host_srv_count",
    "dst_host_count",
    "srv_count",
    "num_root",
    "num_compromised",
    "hot",
    "num_file_creations",
    "logged_in",
    "dst_host_same_srv_rate",
    "srv_serror_rate",
    "serror_rate",
    "dst_host_srv_serror_rate",
    "dst_host_serror_rate",
    "same_srv_rate",
    "srv_rerror_rate",
    "rerror_rate",
    "dst_host_srv_rerror_rate",
    "dst_host_same_src_port_rate",
    "dst_host_rerror_rate",
    "srv_diff_host_rate",
    "wrong_fragment",
    "dst_host_diff_srv_rate",
    "diff_srv_rate",
    "dst_host_srv_diff_host_rate",
    "num_access_files",
    "is_guest_login"
  ],
  "matrix": [
    [
      1.0,
      0.0002,
      0.0696,
      -0.0052,
      -0.0068,
      -0.0059,
      -0.0028,
      -0.0001,
      -0.0001,
      0.0003,
      -0.0002,
      -0.0032,
      -0.0064,
      -0.0035,
      -0.0034,
      -0.0035,
      -0.0045,
      0.0041,
      0.0137,
      0.0136,
      0.0116,
      0.0006,
      -0.0015,
      -0.0026,
      -0.0007,
      0.0009,
      -0.0006,
      -0.0016,
      -0.0003,
      -0.0007
    ],
    [
      0.0002,
      1.0,
      0.0317,
      -0.0033,
      -0.0039,
      0.0022,
      -0.0017,
      0.0013,
      0.0013,
      -0.0003,
      0.0001,
      -0.0026,
      -0.0039,
      -0.0029,
      -0.0029,
      -0.0027,
      -0.0028,
      0.0036,
      0.01,
      0.0102,
      0.0102,
      0.0108,
      0.0107,
      -0.0016,
      -0.0004,
      0.01,
      -0.0016,
      -0.0012,
      0.0004,
      -0.0004
    ],
    [
      0.0696,
      0.0317,
      1.0,
      -0.0795,
      -0.1102,
      0.0514,
      -0.0397,
      0.0486,
      0.0457,
      0.0013,
      0.0971,
      -0.0641,
      -0.1166,
      -0.0699,
      -0.0703,
      -0.0647,
      -0.0652,
      0.0749,
      0.2014,
      0.2021,
      0.2006,
      0.2308,
      0.1761,
      -0.0403,
      -0.0099,
      0.2557,
      -0.0134,
      -0.0265,
      0.0704,
      0.0
    ],
    [
      -0.0052,
      -0.0033,
      -0.0795,
      1.0,
      -0.3966,
      0.4678,
      0.4709,
      -0.0093,
      -0.0088,
      -0.0684,
      -0.019,
      -0.5398,
      -0.4745,
      0.4527,
      0.4584,
      0.4615,
      0.4599,
      -0.6287,
      0.1626,
      0.1608,
      0.1676,
      -0.1392,
      0.178,
      -0.2632,
      -0.0212,
      0.1666,
      0.222,
      -0.2056,
      -0.0296,
      -0.0706
    ],
    [
      -0.0068,
      -0.0039,
      -0.1102,
      -0.3966,
      1.0,
      -0.3025,
      0.2014,
      -0.0115,
      -0.0107,
      -0.0513,
      -0.0199,
      0.6244,
      0.8965,
      -0.5551,
      -0.5579,
      -0.5676,
      -0.5726,
      0.705,
      -0.2495,
      -0.2511,
      -0.2532,
      -0.0693,
      -0.2502,
      0.1546,
      -0.0456,
      -0.3902,
      -0.2997,
      -0.0033,
      0.0024,
      -0.0656
    ],
    [
      -0.0059,
      0.0022,
      0.0514,
      0.4678,
      -0.3025,
      1.0,
      0.1498,
      -0.0117,
      -0.011,
      -0.0117,
      -0.0007,
      -0.4002,
      -0.5183,
      0.3932,
      0.3954,
      0.4075,
      0.4108,
      -0.5095,
      0.0716,
      0.0689,
      0.068,
      -0.3135,
      0.0723,
      -0.3588,
      0.0409,
      0.1442,
      0.1905,
      -0.4556,
      -0.0082,
      -0.0131
    ],
    [
      -0.0028,
      -0.0017,
      -0.0397,
      0.4709,
      0.2014,
      0.1498,
      1.0,
      -0.0047,
      -0.0045,
      -0.0344,
      -0.0096,
      -0.1996,
      0.1806,
      -0.1474,
      -0.1483,
      -0.1451,
      -0.1458,
      0.1905,
      -0.1136,
      -0.1133,
      -0.1126,
      0.1573,
      -0.1009,
      -0.0771,
      0.0243,
      -0.1063,
      -0.1085,
      -0.0591,
      -0.0143,
      -0.0358
    ],
    [
      -0.0001,
      0.0013,
      0.0486,
      -0.0093,
      -0.0115,
      -0.0117,
      -0.0047,
      1.0,
      0.9987,
      0.0014,
      0.016,
      0.0159,
      -0.0063,
      -0.0061,
      -0.0062,
      -0.0054,
      -0.005,
      0.0099,
      -0.0038,
      -0.0038,
      -0.0035,
      -0.0017,
      -0.004,
      -0.0047,
      -0.0012,
      0.0032,
      -0.0042,
      0.0052,
      0.3504,
      -0.0013
    ],
    [
      -0.0001,
      0.0013,
      0.0457,
      -0.0088,
      -0.0107,
      -0.011,
      -0.0045,
      0.9987,
      1.0,
      0.002,
      0.0158,
      0.015,
      -0.0054,
      -0.0057,
      -0.0058,
      -0.005,
      -0.0045,
      0.0093,
      -0.0035,
      -0.0035,
      -0.0032,
      -0.0022,
      -0.0038,
      -0.0044,
      -0.0011,
      0.0028,
      -0.0042,
      0.0049,
      0.3216,
      -0.0012
    ],
    [
      0.0003,
      -0.0003,
      0.0013,
      -0.0684,
      -0.0513,
      -0.0117,
      -0.0344,
      0.0014,
      0.002,
      1.0,
      0.0357,
      0.1159,
      -0.0358,
      -0.0585,
      -0.0589,
      -0.0579,
      -0.0578,
      0.0692,
      -0.0312,
      -0.0322,
      -0.0313,
      -0.0339,
      -0.0301,
      -0.0263,
      -0.0085,
      -0.0116,
      -0.017,
      -0.0241,
      -0.0011,
      0.8559
    ],
    [
      -0.0002,
      0.0001,
      0.0971,
      -0.019,
      -0.0199,
      -0.0007,
      -0.0096,
      0.016,
      0.0158,
      0.0357,
      1.0,
      0.0326,
      -0.0182,
      -0.0122,
      -0.0119,
      -0.0014,
      0.003,
      0.0193,
      -0.007,
      -0.0069,
      -0.0039,
      -0.0073,
      -0.0051,
      -0.0075,
      -0.0024,
      0.0062,
      -0.0077,
      0.0013,
      0.0935,
      0.0048
    ],
    [
      -0.0032,
      -0.0026,
      -0.0641,
      -0.5398,
      0.6244,
      -0.4002,
      -0.1996,
      0.0159,
      0.015,
      0.1159,
      0.0326,
      1.0,
      0.6046,
      -0.4902,
      -0.4919,
      -0.4931,
      -0.4913,
      0.6005,
      -0.2829,
      -0.287,
      -0.2724,
      -0.1607,
      -0.2757,
      0.1312,
      -0.0726,
      -0.256,
      -0.2212,
      -0.0562,
      0.0515,
      0.1194
    ],
    [
      -0.0064,
      -0.0039,
      -0.1166,
      -0.4745,
      0.8965,
      -0.5183,
      0.1806,
      -0.0063,
      -0.0054,
      -0.0358,
      -0.0182,
      0.6046,
      1.0,
      -0.6194,
      -0.6231,
      -0.6323,
      -0.6394,
      0.7887,
      -0.2558,
      -0.2579,
      -0.2589,
      0.1355,
      -0.2576,
      0.2918,
      -0.0493,
      -0.419,
      -0.3298,
      0.1993,
      0.0074,
      -0.0541
    ],
    [
      -0.0035,
      -0.0029,
      -0.0699,
      0.4527,
      -0.5551,
      0.3932,
      -0.1474,
      -0.0061,
      -0.0057,
      -0.0585,
      -0.0122,
      -0.4902,
      -0.6194,
      1.0,
      0.9933,
      0.986,
      0.9774,
      -0.7572,
      -0.2345,
      -0.228,
      -0.233,
      -0.2754,
      -0.2351,
      -0.2259,
      -0.0568,
      -0.0293,
      0.0447,
      -0.171,
      -0.0246,
      -0.06
    ],
    [
      -0.0034,
      -0.0029,
      -0.0703,
      0.4584,
      -0.5579,
      0.3954,
      -0.1483,
      -0.0062,
      -0.0058,
      -0.0589,
      -0.0119,
      -0.4919,
      -0.6231,
      0.9933,
      1.0,
      0.9809,
      0.9791,
      -0.7623,
      -0.2272,
      -0.2275,
      -0.2265,
      -0.2763,
      -0.2317,
      -0.2242,
      -0.0436,
      -0.0183,
      0.0517,
      -0.1728,
      -0.0245,
      -0.0605
    ],
    [
      -0.0035,
      -0.0027,
      -0.0647,
      0.4615,
      -0.5676,
      0.4075,
      -0.1451,
      -0.0054,
      -0.005,
      -0.0579,
      -0.0014,
      -0.4931,
      -0.6323,
      0.986,
      0.9809,
      1.0,
      0.985,
      -0.7657,
      -0.2308,
      -0.2252,
      -0.2328,
      -0.2769,
      -0.2345,
      -0.2273,
      -0.0561,
      -0.0268,
      0.0469,
      -0.1732,
      -0.02,
      -0.0604
    ],
    [
      -0.0045,
      -0.0028,
      -0.0652,
      0.4599,
      -0.5726,
      0.4108,
      -0.1458,
      -0.005,
      -0.0045,
      -0.0578,
      0.003,
      -0.4913,
      -0.6394,
      0.9774,
      0.9791,
      0.985,
      1.0,
      -0.7611,
      -0.2266,
      -0.2263,
      -0.2279,
      -0.2793,
      -0.2355,
      -0.2269,
      -0.0522,
      -0.0183,
      0.0503,
      -0.1748,
      -0.0183,
      -0.0606
    ],
    [
      0.0041,
      0.0036,
      0.0749,
      -0.6287,
      0.705,
      -0.5095,
      0.1905,
      0.0099,
      0.0093,
      0.0692,
      0.0193,
      0.6005,
      0.7887,
      -0.7572,
      -0.7623,
      -0.7657,
      -0.7611,
      1.0,
      -0.2095,
      -0.2095,
      -0.214,
      0.2797,
      -0.2142,
      0.2773,
      0.0551,
      -0.166,
      -0.3762,
      0.2161,
      0.031,
      0.0704
    ],
    [
      0.0137,
      0.01,
      0.2014,
      0.1626,
      -0.2495,
      0.0716,
      -0.1136,
      -0.0038,
      -0.0035,
      -0.0312,
      -0.007,
      -0.2829,
      -0.2558,
      -0.2345,
      -0.2272,
      -0.2308,
      -0.2266,
      -0.2095,
      1.0,
      0.989,
      0.9701,
      0.0306,
      0.9181,
      -0.0734,
      -0.0336,
      0.3806,
      0.2739,
      0.0302,
      -0.0114,
      -0.0349
    ],
    [
      0.0136,
      0.0102,
      0.2021,
      0.1608,
      -0.2511,
      0.0689,
      -0.1133,
      -0.0038,
      -0.0035,
      -0.0322,
      -0.0069,
      -0.287,
      -0.2579,
      -0.228,
      -0.2275,
      -0.2252,
      -0.2263,
      -0.2095,
      0.989,
      1.0,
      0.9645,
      0.0335,
      0.9271,
      -0.0765,
      -0.0331,
      0.3765,
      0.2661,
      0.0333,
      -0.014,
      -0.0353
    ],
    [
      0.0116,
      0.0102,
      0.2006,
      0.1676,
      -0.2532,
      0.068,
      -0.1126,
      -0.0035,
      -0.0032,
      -0.0313,
      -0.0039,
      -0.2724,
      -0.2589,
      -0.233,
      -0.2265,
      -0.2328,
      -0.2279,
      -0.214,
      0.9701,
      0.9645,
      1.0,
      0.0287,
      0.9248,
      -0.0817,
      -0.0338,
      0.3859,
      0.2768,
      0.0396,
      -0.0129,
      -0.0327
    ],
    [
      0.0006,
      0.0108,
      0.2308,
      -0.1392,
      -0.0693,
      -0.3135,
      0.1573,
      -0.0017,
      -0.0022,
      -0.0339,
      -0.0073,
      -0.1607,
      0.1355,
      -0.2754,
      -0.2763,
      -0.2769,
      -0.2793,
      0.2797,
      0.0306,
      0.0335,
      0.0287,
      1.0,
      0.039,
      0.2477,
      0.0367,
      0.2337,
      -0.0101,
      0.4053,
      -0.0118,
      -0.0354
    ],
    [
      -0.0015,
      0.0107,
      0.1761,
      0.178,
      -0.2502,
      0.0723,
      -0.1009,
      -0.004,
      -0.0038,
      -0.0301,
      -0.0051,
      -0.2757,
      -0.2576,
      -0.2351,
      -0.2317,
      -0.2345,
      -0.2355,
      -0.2142,
      0.9181,
      0.9271,
      0.9248,
      0.039,
      1.0,
      -0.0769,
      0.0287,
      0.4096,
      0.2243,
      0.0392,
      -0.0134,
      -0.0305
    ],
    [
      -0.0026,
      -0.0016,
      -0.0403,
      -0.2632,
      0.1546,
      -0.3588,
      -0.0771,
      -0.0047,
      -0.0044,
      -0.0263,
      -0.0075,
      0.1312,
      0.2918,
      -0.2259,
      -0.2242,
      -0.2273,
      -0.2269,
      0.2773,
      -0.0734,
      -0.0765,
      -0.0817,
      0.2477,
      -0.0769,
      1.0,
      -0.0267,
      -0.1189,
      -0.1019,
      0.3796,
      0.0085,
      -0.0311
    ],
    [
      -0.0007,
      -0.0004,
      -0.0099,
      -0.0212,
      -0.0456,
      0.0409,
      0.0243,
      -0.0012,
      -0.0011,
      -0.0085,
      -0.0024,
      -0.0726,
      -0.0493,
      -0.0568,
      -0.0436,
      -0.0561,
      -0.0522,
      0.0551,
      -0.0336,
      -0.0331,
      -0.0338,
      0.0367,
      0.0287,
      -0.0267,
      1.0,
      0.0587,
      -0.0268,
      -0.0169,
      -0.0037,
      -0.0087
    ],
    [
      0.0009,
      0.01,
      0.2557,
      0.1666,
      -0.3902,
      0.1442,
      -0.1063,
      0.0032,
      0.0028,
      -0.0116,
      0.0062,
      -0.256,
      -0.419,
      -0.0293,
      -0.0183,
      -0.0268,
      -0.0183,
      -0.166,
      0.3806,
      0.3765,
      0.3859,
      0.2337,
      0.4096,
      -0.1189,
      0.0587,
      1.0,
      0.4961,
      0.0161,
      -0.0004,
      -0.0067
    ],
    [
      -0.0006,
      -0.0016,
      -0.0134,
      0.222,
      -0.2997,
      0.1905,
      -0.1085,
      -0.0042,
      -0.0042,
      -0.017,
      -0.0077,
      -0.2212,
      -0.3298,
      0.0447,
      0.0517,
      0.0469,
      0.0503,
      -0.3762,
      0.2739,
      0.2661,
      0.2768,
      -0.0101,
      0.2243,
      -0.1019,
      -0.0268,
      0.4961,
      1.0,
      -0.0857,
      -0.0116,
      -0.0144
    ],
    [
      -0.0016,
      -0.0012,
      -0.0265,
      -0.2056,
      -0.0033,
      -0.4556,
      -0.0591,
      0.0052,
      0.0049,
      -0.0241,
      0.0013,
      -0.0562,
      0.1993,
      -0.171,
      -0.1728,
      -0.1732,
      -0.1748,
      0.2161,
      0.0302,
      0.0333,
      0.0396,
      0.4053,
      0.0392,
      0.3796,
      -0.0169,
      0.0161,
      -0.0857,
      1.0,
      0.0001,
      -0.0244
    ],
    [
      -0.0003,
      0.0004,
      0.0704,
      -0.0296,
      0.0024,
      -0.0082,
      -0.0143,
      0.3504,
      0.3216,
      -0.0011,
      0.0935,
      0.0515,
      0.0074,
      -0.0246,
      -0.0245,
      -0.02,
      -0.0183,
      0.031,
      -0.0114,
      -0.014,
      -0.0129,
      -0.0118,
      -0.0134,
      0.0085,
      -0.0037,
      -0.0004,
      -0.0116,
      0.0001,
      1.0,
      -0.002
    ],
    [
      -0.0007,
      -0.0004,
      0.0,
      -0.0706,
      -0.0656,
      -0.0131,
      -0.0358,
      -0.0013,
      -0.0012,
      0.8559,
      0.0048,
      0.1194,
      -0.0541,
      -0.06,
      -0.0605,
      -0.0604,
      -0.0606,
      0.0704,
      -0.0349,
      -0.0353,
      -0.0327,
      -0.0354,
      -0.0305,
      -0.0311,
      -0.0087,
      -0.0067,
      -0.0144,
      -0.0244,
      -0.002,
      1.0
    ]
  ],
  "high_correlation_pairs": [
    {
      "col_a": "num_root",
      "col_b": "num_compromised",
      "r": 0.9987,
      "strength": "very_high"
    },
    {
      "col_a": "srv_serror_rate",
      "col_b": "serror_rate",
      "r": 0.9933,
      "strength": "very_high"
    },
    {
      "col_a": "srv_rerror_rate",
      "col_b": "rerror_rate",
      "r": 0.989,
      "strength": "very_high"
    },
    {
      "col_a": "srv_serror_rate",
      "col_b": "dst_host_srv_serror_rate",
      "r": 0.986,
      "strength": "very_high"
    },
    {
      "col_a": "dst_host_srv_serror_rate",
      "col_b": "dst_host_serror_rate",
      "r": 0.985,
      "strength": "very_high"
    },
    {
      "col_a": "serror_rate",
      "col_b": "dst_host_srv_serror_rate",
      "r": 0.9809,
      "strength": "very_high"
    },
    {
      "col_a": "serror_rate",
      "col_b": "dst_host_serror_rate",
      "r": 0.9791,
      "strength": "very_high"
    },
    {
      "col_a": "srv_serror_rate",
      "col_b": "dst_host_serror_rate",
      "r": 0.9774,
      "strength": "very_high"
    },
    {
      "col_a": "srv_rerror_rate",
      "col_b": "dst_host_srv_rerror_rate",
      "r": 0.9701,
      "strength": "very_high"
    },
    {
      "col_a": "rerror_rate",
      "col_b": "dst_host_srv_rerror_rate",
      "r": 0.9645,
      "strength": "very_high"
    },
    {
      "col_a": "rerror_rate",
      "col_b": "dst_host_rerror_rate",
      "r": 0.9271,
      "strength": "high"
    },
    {
      "col_a": "dst_host_srv_rerror_rate",
      "col_b": "dst_host_rerror_rate",
      "r": 0.9248,
      "strength": "high"
    },
    {
      "col_a": "srv_rerror_rate",
      "col_b": "dst_host_rerror_rate",
      "r": 0.9181,
      "strength": "high"
    },
    {
      "col_a": "dst_host_srv_count",
      "col_b": "dst_host_same_srv_rate",
      "r": 0.8965,
      "strength": "high"
    },
    {
      "col_a": "hot",
      "col_b": "is_guest_login",
      "r": 0.8559,
      "strength": "high"
    }
  ],
  "truncated": true,
  "max_cols_shown": 30
}