{
  "viz_type": "correlation",
  "dataset_id": "c4c40d41-17f4-4d1e-8c14-54e0df0ac1e6",
  "columns": [
    "stcpb",
    "dtcpb",
    "sload",
    "dload",
    "sbytes",
    "rate",
    "dbytes",
    "response_body_len",
    "id",
    "sjit",
    "sinpkt",
    "djit",
    "dinpkt",
    "dmean",
    "smean",
    "spkts",
    "swin",
    "dwin",
    "dttl",
    "dpkts",
    "sttl",
    "sloss",
    "dloss",
    "ct_dst_src_ltm",
    "ct_srv_dst",
    "ct_srv_src",
    "ct_src_ltm",
    "ct_dst_ltm",
    "ct_src_dport_ltm",
    "dur"
  ],
  "matrix": [
    [
      1.0,
      0.6499,
      -0.2772,
      0.2153,
      0.0432,
      -0.4087,
      0.0869,
      0.0284,
      -0.3261,
      0.0889,
      -0.0855,
      0.1248,
      0.0521,
      0.3806,
      0.1382,
      0.1074,
      0.7812,
      0.7888,
      0.5928,
      0.1441,
      -0.3373,
      0.0682,
      0.1116,
      -0.3946,
      -0.3731,
      -0.3646,
      -0.319,
      -0.3262,
      -0.3539,
      0.0132
    ],
    [
      0.6499,
      1.0,
      -0.2774,
      0.2117,
      0.038,
      -0.409,
      0.0865,
      0.0368,
      -0.326,
      0.0965,
      -0.0851,
      0.127,
      0.0539,
      0.3776,
      0.1364,
      0.1022,
      0.7816,
      0.7894,
      0.5968,
      0.1427,
      -0.3341,
      0.0628,
      0.1111,
      -0.3946,
      -0.374,
      -0.3649,
      -0.3177,
      -0.3275,
      -0.3541,
      0.0147
    ],
    [
      -0.2772,
      -0.2774,
      1.0,
      -0.1063,
      -0.0183,
      0.6025,
      -0.0404,
      -0.0154,
      0.1436,
      -0.0424,
      -0.0488,
      -0.058,
      -0.0348,
      -0.1864,
      0.2239,
      -0.0516,
      -0.3524,
      -0.3513,
      -0.2804,
      -0.0667,
      0.2765,
      -0.0289,
      -0.0512,
      0.155,
      0.1412,
      0.1383,
      0.0844,
      0.0765,
      0.1001,
      -0.0817
    ],
    [
      0.2153,
      0.2117,
      -0.1063,
      1.0,
      -0.0078,
      -0.1531,
      0.1048,
      0.0249,
      -0.3569,
      -0.0295,
      -0.0376,
      -0.033,
      -0.0243,
      0.5506,
      -0.084,
      0.0759,
      0.2707,
      0.2737,
      -0.1164,
      0.1391,
      -0.3974,
      0.0081,
      0.1231,
      -0.1612,
      -0.0872,
      -0.0806,
      -0.0981,
      -0.101,
      -0.1436,
      -0.0506
    ],
    [
      0.0432,
      0.038,
      -0.0183,
      -0.0078,
      1.0,
      -0.0285,
      0.0099,
      0.0016,
      0.0011,
      -0.0021,
      -0.0066,
      -0.0035,
      0.0,
      -0.005,
      0.2323,
      0.9638,
      0.0504,
      0.051,
      0.063,
      0.1885,
      -0.0209,
      0.9961,
      0.0068,
      -0.0321,
      -0.0346,
      -0.0344,
      -0.0275,
      -0.0267,
      -0.0265,
      0.1997
    ],
    [
      -0.4087,
      -0.409,
      0.6025,
      -0.1531,
      -0.0285,
      1.0,
      -0.0595,
      -0.0228,
      0.3646,
      -0.0634,
      -0.0757,
      -0.0858,
      -0.0515,
      -0.2733,
      -0.1132,
      -0.0764,
      -0.5157,
      -0.5181,
      -0.4145,
      -0.0982,
      0.4076,
      -0.0429,
      -0.0753,
      0.3831,
      0.3629,
      0.3577,
      0.3109,
      0.3172,
      0.3536,
      -0.121
    ],
    [
      0.0869,
      0.0865,
      -0.0404,
      0.1048,
      0.0099,
      -0.0595,
      1.0,
      0.4709,
      -0.0803,
      -0.0024,
      -0.0136,
      0.0474,
      -0.0077,
      0.42,
      -0.0366,
      0.2066,
      0.1131,
      0.1143,
      0.0236,
      0.9719,
      -0.1355,
      0.0174,
      0.9965,
      -0.0546,
      -0.0445,
      -0.0455,
      -0.0456,
      -0.0426,
      -0.0521,
      0.1441
    ],
    [
      0.0284,
      0.0368,
      -0.0154,
      0.0249,
      0.0016,
      -0.0228,
      0.4709,
      1.0,
      -0.0206,
      -0.0014,
      -0.0051,
      0.0131,
      -0.0027,
      0.1857,
      -0.0158,
      0.0872,
      0.0432,
      0.0436,
      0.0164,
      0.4422,
      -0.0505,
      -0.0018,
      0.4621,
      -0.0216,
      -0.0273,
      -0.0278,
      -0.0181,
      -0.0161,
      -0.0206,
      0.0789
    ],
    [
      -0.3261,
      -0.326,
      0.1436,
      -0.3569,
      0.0011,
      0.3646,
      -0.0803,
      -0.0206,
      1.0,
      -0.0196,
      0.0272,
      -0.0818,
      -0.0273,
      -0.3618,
      -0.0834,
      -0.0688,
      -0.4165,
      -0.4123,
      -0.0496,
      -0.1263,
      0.6155,
      -0.0185,
      -0.0998,
      0.5391,
      0.4809,
      0.479,
      0.4254,
      0.4676,
      0.5365,
      0.0066
    ],
    [
      0.0889,
      0.0965,
      -0.0424,
      -0.0295,
      -0.0021,
      -0.0634,
      -0.0024,
      -0.0014,
      -0.0196,
      1.0,
      0.0482,
      0.4668,
      0.6731,
      0.0002,
      0.0045,
      -0.0004,
      0.1185,
      0.1193,
      0.1474,
      0.0002,
      0.0227,
      0.0005,
      -0.0021,
      -0.0473,
      -0.0497,
      -0.0455,
      -0.0451,
      -0.0466,
      -0.0439,
      0.1444
    ],
    [
      -0.0855,
      -0.0851,
      -0.0488,
      -0.0376,
      -0.0066,
      -0.0757,
      -0.0136,
      -0.0051,
      0.0272,
      0.0482,
      1.0,
      0.0105,
      0.0958,
      -0.0611,
      -0.0514,
      -0.0176,
      -0.1078,
      -0.108,
      -0.0819,
      -0.0222,
      -0.2066,
      -0.0097,
      -0.0172,
      -0.0816,
      -0.087,
      -0.0901,
      -0.0811,
      -0.0722,
      -0.0609,
      0.0801
    ],
    [
      0.1248,
      0.127,
      -0.058,
      -0.033,
      -0.0035,
      -0.0858,
      0.0474,
      0.0131,
      -0.0818,
      0.4668,
      0.0105,
      1.0,
      0.3047,
      0.1854,
      -0.0178,
      0.0171,
      0.1607,
      0.1623,
      0.1013,
      0.0544,
      -0.1234,
      0.0025,
      0.05,
      -0.0815,
      -0.0821,
      -0.0821,
      -0.0624,
      -0.0573,
      -0.0712,
      0.1574
    ],
    [
      0.0521,
      0.0539,
      -0.0348,
      -0.0243,
      0.0,
      -0.0515,
      -0.0077,
      -0.0027,
      -0.0273,
      0.6731,
      0.0958,
      0.3047,
      1.0,
      -0.0142,
      0.0046,
      -0.0017,
      0.0682,
      0.0691,
      0.098,
      -0.0065,
      -0.0032,
      0.0008,
      -0.008,
      -0.0429,
      -0.0456,
      -0.0426,
      -0.0424,
      -0.0428,
      -0.0387,
      0.1521
    ],
    [
      0.3806,
      0.3776,
      -0.1864,
      0.5506,
      -0.005,
      -0.2733,
      0.42,
      0.1857,
      -0.3618,
      0.0002,
      -0.0611,
      0.1854,
      -0.0142,
      1.0,
      -0.0897,
      0.1502,
      0.4769,
      0.482,
      0.1402,
      0.4414,
      -0.5504,
      0.0165,
      0.4295,
      -0.2793,
      -0.228,
      -0.2247,
      -0.2016,
      -0.2037,
      -0.2445,
      0.0253
    ],
    [
      0.1382,
      0.1364,
      0.2239,
      -0.084,
      0.2323,
      -0.1132,
      -0.0366,
      -0.0158,
      -0.0834,
      0.0045,
      -0.0514,
      -0.0178,
      0.0046,
      -0.0897,
      1.0,
      0.2166,
      0.1686,
      0.1731,
      0.1944,
      0.0147,
      -0.01,
      0.2298,
      -0.0309,
      -0.1522,
      -0.1712,
      -0.1678,
      -0.1597,
      -0.1627,
      -0.1691,
      0.09
    ],
    [
      0.1074,
      0.1022,
      -0.0516,
      0.0759,
      0.9638,
      -0.0764,
      0.2066,
      0.0872,
      -0.0688,
      -0.0004,
      -0.0176,
      0.0171,
      -0.0017,
      0.1502,
      0.2166,
      1.0,
      0.1318,
      0.1331,
      0.0682,
      0.3901,
      -0.1027,
      0.9711,
      0.2078,
      -0.0776,
      -0.0696,
      -0.0691,
      -0.0616,
      -0.0602,
      -0.0684,
      0.2546
    ],
    [
      0.7812,
      0.7816,
      -0.3524,
      0.2707,
      0.0504,
      -0.5157,
      0.1131,
      0.0432,
      -0.4165,
      0.1185,
      -0.1078,
      0.1607,
      0.0682,
      0.4769,
      0.1686,
      0.1318,
      1.0,
      0.9901,
      0.7462,
      0.1837,
      -0.4168,
      0.082,
      0.1439,
      -0.4921,
      -0.4662,
      -0.4535,
      -0.4022,
      -0.4124,
      -0.4531,
      0.022
    ],
    [
      0.7888,
      0.7894,
      -0.3513,
      0.2737,
      0.051,
      -0.5181,
      0.1143,
      0.0436,
      -0.4123,
      0.1193,
      -0.108,
      0.1623,
      0.0691,
      0.482,
      0.1731,
      0.1331,
      0.9901,
      1.0,
      0.754,
      0.1856,
      -0.4243,
      0.0823,
      0.1454,
      -0.4997,
      -0.4738,
      -0.4612,
      -0.404,
      -0.4153,
      -0.4486,
      0.0175
    ],
    [
      0.5928,
      0.5968,
      -0.2804,
      -0.1164,
      0.063,
      -0.4145,
      0.0236,
      0.0164,
      -0.0496,
      0.1474,
      -0.0819,
      0.1013,
      0.098,
      0.1402,
      0.1944,
      0.0682,
      0.7462,
      0.754,
      1.0,
      0.0539,
      -0.0328,
      0.0752,
      0.0355,
      -0.4035,
      -0.4312,
      -0.4173,
      -0.3654,
      -0.3817,
      -0.3663,
      0.0442
    ],
    [
      0.1441,
      0.1427,
      -0.0667,
      0.1391,
      0.1885,
      -0.0982,
      0.9719,
      0.4422,
      -0.1263,
      0.0002,
      -0.0222,
      0.0544,
      -0.0065,
      0.4414,
      0.0147,
      0.3901,
      0.1837,
      0.1856,
      0.0539,
      1.0,
      -0.1926,
      0.2049,
      0.9786,
      -0.0941,
      -0.0783,
      -0.0791,
      -0.0752,
      -0.0719,
      -0.0867,
      0.1812
    ],
    [
      -0.3373,
      -0.3341,
      0.2765,
      -0.3974,
      -0.0209,
      0.4076,
      -0.1355,
      -0.0505,
      0.6155,
      0.0227,
      -0.2066,
      -0.1234,
      -0.0032,
      -0.5504,
      -0.01,
      -0.1027,
      -0.4168,
      -0.4243,
      -0.0328,
      -0.1926,
      1.0,
      -0.0447,
      -0.1626,
      0.4043,
      0.3407,
      0.3461,
      0.2733,
      0.2714,
      0.3441,
      0.0122
    ],
    [
      0.0682,
      0.0628,
      -0.0289,
      0.0081,
      0.9961,
      -0.0429,
      0.0174,
      -0.0018,
      -0.0185,
      0.0005,
      -0.0097,
      0.0025,
      0.0008,
      0.0165,
      0.2298,
      0.9711,
      0.082,
      0.0823,
      0.0752,
      0.2049,
      -0.0447,
      1.0,
      0.018,
      -0.0459,
      -0.0455,
      -0.0451,
      -0.0388,
      -0.037,
      -0.0392,
      0.1986
    ],
    [
      0.1116,
      0.1111,
      -0.0512,
      0.1231,
      0.0068,
      -0.0753,
      0.9965,
      0.4621,
      -0.0998,
      -0.0021,
      -0.0172,
      0.05,
      -0.008,
      0.4295,
      -0.0309,
      0.2078,
      0.1439,
      0.1454,
      0.0355,
      0.9786,
      -0.1626,
      0.018,
      1.0,
      -0.0709,
      -0.0586,
      -0.0593,
      -0.0574,
      -0.0545,
      -0.0664,
      0.143
    ],
    [
      -0.3946,
      -0.3946,
      0.155,
      -0.1612,
      -0.0321,
      0.3831,
      -0.0546,
      -0.0216,
      0.5391,
      -0.0473,
      -0.0816,
      -0.0815,
      -0.0429,
      -0.2793,
      -0.1522,
      -0.0776,
      -0.4921,
      -0.4997,
      -0.4035,
      -0.0941,
      0.4043,
      -0.0459,
      -0.0709,
      1.0,
      0.9724,
      0.9671,
      0.7838,
      0.8523,
      0.8699,
      -0.1018
    ],
    [
      -0.3731,
      -0.374,
      0.1412,
      -0.0872,
      -0.0346,
      0.3629,
      -0.0445,
      -0.0273,
      0.4809,
      -0.0497,
      -0.087,
      -0.0821,
      -0.0456,
      -0.228,
      -0.1712,
      -0.0696,
      -0.4662,
      -0.4738,
      -0.4312,
      -0.0783,
      0.3407,
      -0.0455,
      -0.0586,
      0.9724,
      1.0,
      0.9803,
      0.7779,
      0.8526,
      0.8689,
      -0.1153
    ],
    [
      -0.3646,
      -0.3649,
      0.1383,
      -0.0806,
      -0.0344,
      0.3577,
      -0.0455,
      -0.0278,
      0.479,
      -0.0455,
      -0.0901,
      -0.0821,
      -0.0426,
      -0.2247,
      -0.1678,
      -0.0691,
      -0.4535,
      -0.4612,
      -0.4173,
      -0.0791,
      0.3461,
      -0.0451,
      -0.0593,
      0.9671,
      0.9803,
      1.0,
      0.7811,
      0.8413,
      0.866,
      -0.1137
    ],
    [
      -0.319,
      -0.3177,
      0.0844,
      -0.0981,
      -0.0275,
      0.3109,
      -0.0456,
      -0.0181,
      0.4254,
      -0.0451,
      -0.0811,
      -0.0624,
      -0.0424,
      -0.2016,
      -0.1597,
      -0.0616,
      -0.4022,
      -0.404,
      -0.3654,
      -0.0752,
      0.2733,
      -0.0388,
      -0.0574,
      0.7838,
      0.7779,
      0.7811,
      1.0,
      0.8861,
      0.8974,
      -0.0809
    ],
    [
      -0.3262,
      -0.3275,
      0.0765,
      -0.101,
      -0.0267,
      0.3172,
      -0.0426,
      -0.0161,
      0.4676,
      -0.0466,
      -0.0722,
      -0.0573,
      -0.0428,
      -0.2037,
      -0.1627,
      -0.0602,
      -0.4124,
      -0.4153,
      -0.3817,
      -0.0719,
      0.2714,
      -0.037,
      -0.0545,
      0.8523,
      0.8526,
      0.8413,
      0.8861,
      1.0,
      0.9621,
      -0.0863
    ],
    [
      -0.3539,
      -0.3541,
      0.1001,
      -0.1436,
      -0.0265,
      0.3536,
      -0.0521,
      -0.0206,
      0.5365,
      -0.0439,
      -0.0609,
      -0.0712,
      -0.0387,
      -0.2445,
      -0.1691,
      -0.0684,
      -0.4531,
      -0.4486,
      -0.3663,
      -0.0867,
      0.3441,
      -0.0392,
      -0.0664,
      0.8699,
      0.8689,
      0.866,
      0.8974,
      0.9621,
      1.0,
      -0.0941
    ],
    [
      0.0132,
      0.0147,
      -0.0817,
      -0.0506,
      0.1997,
      -0.121,
      0.1441,
      0.0789,
      0.0066,
      0.1444,
      0.0801,
      0.1574,
      0.1521,
      0.0253,
      0.09,
      0.2546,
      0.022,
      0.0175,
      0.0442,
      0.1812,
      0.0122,
      0.1986,
      0.143,
      -0.1018,
      -0.1153,
      -0.1137,
      -0.0809,
      -0.0863,
      -0.0941,
      1.0
    ]
  ],
  "high_correlation_pairs": [
    {
      "col_a": "dbytes",
      "col_b": "dloss",
      "r": 0.9965,
      "strength": "very_high"
    },
    {
      "col_a": "sbytes",
      "col_b": "sloss",
      "r": 0.9961,
      "strength": "very_high"
    },
    {
      "col_a": "swin",
      "col_b": "dwin",
      "r": 0.9901,
      "strength": "very_high"
    },
    {
      "col_a": "ct_srv_dst",
      "col_b": "ct_srv_src",
      "r": 0.9803,
      "strength": "very_high"
    },
    {
      "col_a": "dpkts",
      "col_b": "dloss",
      "r": 0.9786,
      "strength": "very_high"
    },
    {
      "col_a": "ct_dst_src_ltm",
      "col_b": "ct_srv_dst",
      "r": 0.9724,
      "strength": "very_high"
    },
    {
      "col_a": "dbytes",
      "col_b": "dpkts",
      "r": 0.9719,
      "strength": "very_high"
    },
    {
      "col_a": "spkts",
      "col_b": "sloss",
      "r": 0.9711,
      "strength": "very_high"
    },
    {
      "col_a": "ct_dst_src_ltm",
      "col_b": "ct_srv_src",
      "r": 0.9671,
      "strength": "very_high"
    },
    {
      "col_a": "sbytes",
      "col_b": "spkts",
      "r": 0.9638,
      "strength": "very_high"
    },
    {
      "col_a": "ct_dst_ltm",
      "col_b": "ct_src_dport_ltm",
      "r": 0.9621,
      "strength": "very_high"
    },
    {
      "col_a": "ct_src_ltm",
      "col_b": "ct_src_dport_ltm",
      "r": 0.8974,
      "strength": "high"
    },
    {
      "col_a": "ct_src_ltm",
      "col_b": "ct_dst_ltm",
      "r": 0.8861,
      "strength": "high"
    },
    {
      "col_a": "ct_dst_src_ltm",
      "col_b": "ct_src_dport_ltm",
      "r": 0.8699,
      "strength": "high"
    },
    {
      "col_a": "ct_srv_dst",
      "col_b": "ct_src_dport_ltm",
      "r": 0.8689,
      "strength": "high"
    },
    {
      "col_a": "ct_srv_src",
      "col_b": "ct_src_dport_ltm",
      "r": 0.866,
      "strength": "high"
    },
    {
      "col_a": "ct_srv_dst",
      "col_b": "ct_dst_ltm",
      "r": 0.8526,
      "strength": "high"
    },
    {
      "col_a": "ct_dst_src_ltm",
      "col_b": "ct_dst_ltm",
      "r": 0.8523,
      "strength": "high"
    },
    {
      "col_a": "ct_srv_src",
      "col_b": "ct_dst_ltm",
      "r": 0.8413,
      "strength": "high"
    }
  ],
  "truncated": true,
  "max_cols_shown": 30
}